call to Robot/MoveCC
0.049948 0 49 0.000000
0.090694 0 49 0.000000
0.138595 -1 51 -22.395035
0.178039 -1 50 -26.339410
0.225629 -1 63 -31.098460
0.269861 -1 67 -35.521648
0.323545 -1 74 -40.889977
0.385509 -1 78 -47.086419
0.428626 -1 82 -51.398102
0.466742 -1 84 -55.209773
0.510650 -1 91 -59.600531
0.570736 0 94 -42.604819
0.616392 0 99 -42.604819
0.658014 0 103 -42.604819
0.691846 1 107 -20.913217
0.737501 1 112 -16.347779
0.777253 1 113 -12.372521
0.819850 1 121 -8.112854
0.859863 1 128 -4.111525
0.895528 1 135 -0.545067
0.936487 1 138 3.550846
0.978521 2 149 29.855896
1.027722 2 147 39.696104
1.064696 2 149 47.090904
1.099685 2 149 54.088796
1.140585 1 154 40.223840
1.180341 1 154 44.199440
1.226633 1 162 48.828577
1.266697 1 164 52.834956
1.300716 1 173 56.236856
1.348588 1 174 61.024152
1.389884 1 185 65.153715
1.431731 0 189 47.246046
1.474678 0 189 47.246046
1.508654 0 189 47.246046
1.556328 0 198 47.246046
1.598380 -1 205 25.143458
1.638685 -1 209 21.112992
1.678463 0 217 39.124062
1.711772 -1 227 17.458608
1.756622 -1 227 12.973687
1.797381 -1 220 8.897704
1.844210 -1 225 4.214862
1.889335 -1 228 -0.297683
1.934260 -1 228 -4.790158
1.976500 -1 235 -9.014154
2.016676 0 237 8.977048
2.060657 0 241 8.977048
2.107802 0 249 8.977048
2.146622 0 251 8.977048
2.167827 0 250 8.977048
2.187925 0 255 8.977048
2.216671 0 257 8.977048
2.260280 0 267 8.977048
2.304693 0 267 8.977048
2.315903 0 267 8.977048
2.327953 0 273 8.977048
2.349331 0 278 8.977048
2.365460 0 278 8.977048
2.377692 0 280 8.977048
2.411605 0 282 8.977048
2.424492 0 286 8.977048
2.435331 0 286 8.977048
2.449239 0 288 8.977048
2.479544 0 286 8.977048
2.557930 -1 294 -14.942252
2.569421 -1 294 -16.091285
2.580677 -1 296 -17.216915
2.616599 -1 297 -20.809119
2.631287 -1 302 -22.277894
2.666651 -1 304 -25.814348
2.679880 -1 303 -27.137177
2.721333 -1 320 -31.282494
2.795275 0 321 -14.979594
2.813543 0 326 -14.979594
2.827830 0 326 -14.979594
2.845619 0 321 -14.979594
2.858137 0 326 -14.979594
2.895310 0 328 -14.979594
2.958642 0 334 -14.979594
2.974165 0 336 -14.979594
3.011213 0 338 -14.979594
3.048401 0 345 -14.979594
3.061579 0 347 -14.979594
3.075664 0 347 -14.979594
3.087744 0 349 -14.979594
3.125500 0 348 -14.979594
3.139639 0 357 -14.979594
3.175903 1 361 6.833633
3.209161 1 366 10.159375
3.246285 1 370 13.871825
3.259312 1 370 15.174496
3.274090 1 372 16.652296
3.284197 1 372 17.662992
3.318683 1 376 21.111596
3.336468 1 384 22.890063
3.345515 1 384 23.794738
3.378102 1 391 27.053475
3.391418 1 397 28.385063
3.404627 1 397 29.705983
3.417914 1 399 31.034679
3.447946 0 401 12.536269
3.481568 0 412 12.536269
3.491941 0 412 12.536269
3.505381 0 411 12.536269
3.539741 0 416 12.536269
3.575815 0 416 12.536269
3.589423 0 416 12.536269
3.599974 0 420 12.536269
3.611452 0 420 12.536269
3.651549 0 420 12.536269
3.666723 0 425 12.536269
3.679250 0 425 12.536269
3.689383 0 427 12.536269
3.720028 0 427 12.536269
3.789384 0 429 12.536269
3.821691 0 430 12.536269
3.838310 0 430 12.536269
3.854244 0 435 12.536269
3.868073 0 437 12.536269
3.880289 0 437 12.536269
3.890987 0 443 12.536269
3.925603 0 443 12.536269
3.966054 1 443 34.558827
3.977106 1 443 35.664065
3.989416 0 446 16.279577
3.999841 0 446 16.279577
4.010707 0 443 16.279577
4.023011 0 443 16.279577
4.038233 0 447 16.279577
4.048594 0 447 16.279577
4.084366 0 447 16.279577
4.099372 0 456 16.279577
4.113086 0 456 16.279577
4.154663 0 455 16.279577
4.194185 0 464 16.279577
4.231759 0 464 16.279577
4.245284 0 464 16.279577
4.255941 0 464 16.279577
4.268610 0 473 16.279577
4.285222 0 471 16.279577
4.295895 0 471 16.279577
4.310614 0 473 16.279577
4.348112 0 475 16.279577
4.365587 0 474 16.279577
4.404458 0 483 16.279577
4.418000 0 483 16.279577
4.429731 0 483 16.279577
4.440460 0 483 16.279577
4.481798 0 491 16.279577
4.495071 0 491 16.279577
4.529969 0 491 16.279577
4.545137 0 491 16.279577
4.560094 0 498 16.279577
4.574133 0 500 16.279577
4.586584 0 500 16.279577
4.620560 0 500 16.279577
4.655135 0 506 16.279577
4.668118 0 506 16.279577
4.679157 0 509 16.279577
4.711523 -1 510 -5.338733
4.754479 0 517 12.513483
4.768668 0 515 12.513483
4.779228 0 515 12.513483
4.835884 0 518 12.513483
4.868657 0 527 12.513483
4.908670 0 532 12.513483
4.925614 0 534 12.513483
4.961761 0 538 12.513483
4.975393 0 538 12.513483
5.009805 0 544 12.513483
5.021228 0 544 12.513483
5.033087 0 546 12.513483
5.045439 0 546 12.513483
5.058440 0 546 12.513483
5.117295 0 551 12.513483
5.173545 0 559 12.513483
5.184598 0 561 12.513483
5.198110 0 563 12.513483
5.210629 0 563 12.513483
5.246596 0 567 12.513483
5.259327 0 567 12.513483
5.273968 0 574 12.513483
5.306129 0 571 12.513483
5.367140 0 581 12.513483
5.379695 0 581 12.513483
5.390264 0 581 12.513483
5.428238 0 588 12.513483
5.440534 0 588 12.513483
5.456583 0 588 12.513483
5.469972 0 595 12.513483
5.504418 0 590 12.513483
5.517140 0 590 12.513483
5.528609 0 599 12.513483
5.541086 0 598 12.513483
5.553535 0 598 12.513483
5.565538 0 599 12.513483
5.577425 0 599 12.513483
5.590075 0 607 12.513483
5.600311 0 607 12.513483
5.638315 0 609 12.513483
5.650553 0 609 12.513483
5.661827 0 614 12.513483
5.694288 -1 616 -9.109552
5.706628 -1 618 -10.343560
5.719764 -1 618 -11.657202
5.740312 -1 622 -13.711981
5.749994 -1 622 -14.680152
5.781352 -1 626 -17.815994
5.795860 -1 626 -19.266798
5.811433 -1 633 -20.824077
5.869720 0 633 -3.738437
5.902587 0 639 -3.738437
5.940293 0 641 -3.738437
5.956256 0 643 -3.738437
5.967593 0 643 -3.738437
5.979842 0 645 -3.738437
6.016698 0 653 -3.738437
6.028098 0 651 -3.738437
6.044438 0 651 -3.738437
6.058266 0 654 -3.738437
6.070733 0 654 -3.738437
6.085964 0 660 -3.738437
6.121178 0 666 -3.738437
6.138655 0 666 -3.738437
6.201520 0 670 -3.738437
6.215869 0 670 -3.738437
6.229920 0 674 -3.738437
6.275284 0 681 -3.738437
6.284732 0 681 -3.738437
6.297366 0 680 -3.738437
6.308606 0 680 -3.738437
6.349830 0 693 -3.738437
6.381152 0 696 -3.738437
6.417822 0 698 -3.738437
6.430569 0 697 -3.738437
6.442657 0 697 -3.738437
6.456722 0 704 -3.738437
6.488063 0 706 -3.738437
6.524158 0 708 -3.738437
6.540599 0 708 -3.738437
6.574539 0 726 -3.738437
6.586486 0 726 -3.738437
6.599549 0 718 -3.738437
6.635583 0 726 -3.738437
6.692534 0 736 -3.738437
6.731885 0 742 -3.738437
6.746364 0 742 -3.738437
6.759378 0 742 -3.738437
6.771149 0 742 -3.738437
6.781785 0 742 -3.738437
6.817081 0 742 -3.738437
6.831235 0 742 -3.738437
6.846150 0 742 -3.738437
6.857766 0 742 -3.738437
6.891019 0 742 -3.738437
6.928492 0 742 -3.738437
6.946319 0 742 -3.738437
6.959476 0 742 -3.738437
6.974504 0 742 -3.738437
6.991961 1 742 17.134421
7.007673 1 742 18.705621
7.024723 1 760 20.410608
7.037324 1 760 21.670721
7.070196 1 757 24.957913
7.081091 1 754 26.047388
7.110512 1 778 28.989500
7.143028 1 765 32.241125
7.230070 1 766 40.945325
7.243533 0 766 21.618467
7.255879 0 794 21.618467
7.269415 0 794 21.618467
7.280450 0 800 21.618467
7.291609 0 800 21.618467
7.305483 0 796 21.618467
7.317424 0 796 21.618467
7.328689 0 801 21.618467
7.345407 0 801 21.618467
7.379706 0 810 21.618467
7.394637 0 810 21.618467
7.405624 0 808 21.618467
7.416726 0 808 21.618467
7.429231 0 810 21.618467
7.465370 0 812 21.618467
7.477103 0 816 21.618467
7.487527 0 816 21.618467
7.504276 0 796 21.618467
7.539213 0 818 21.618467
7.585605 0 831 21.618467
7.599325 0 831 21.618467
7.610129 0 835 21.618467
7.646362 0 832 21.618467
7.657801 0 816 21.618467
7.668614 0 816 21.618467
7.679910 0 816 21.618467
7.715886 0 834 21.618467
7.754695 0 843 21.618467
7.768012 -1 845 0.952640
7.780598 -1 845 -0.305964
7.815687 -1 849 -3.814864
7.850282 -1 831 -7.274410
7.861660 -1 831 -8.412189
7.874117 -1 857 -9.657914
7.888398 -1 857 -11.085969
7.907653 -1 856 -13.011452
7.940662 -1 863 -16.312364
7.955489 -1 865 -17.795064
7.967268 -1 865 -18.973027
8.005649 0 864 -0.892058
8.019211 0 864 -0.892058
8.030343 0 867 -0.892058
8.090665 0 877 -0.892058
8.126176 0 877 -0.892058
8.138688 0 883 -0.892058
8.179346 0 885 -0.892058
8.190204 0 885 -0.892058
8.204166 0 885 -0.892058
8.216608 0 891 -0.892058
8.229974 0 891 -0.892058
8.245708 0 893 -0.892058
8.260005 0 894 -0.892058
8.274517 0 894 -0.892058
8.285841 0 899 -0.892058
8.298249 0 899 -0.892058
8.310708 0 901 -0.892058
8.355873 0 901 -0.892058
8.368737 0 887 -0.892058
8.378079 0 887 -0.892058
8.388292 0 901 -0.892058
8.404149 0 901 -0.892058
8.442973 0 907 -0.892058
8.454568 0 907 -0.892058
8.467517 0 913 -0.892058
8.478466 0 913 -0.892058
8.489884 0 913 -0.892058
8.505698 0 915 -0.892058
8.522593 0 917 -0.892058
8.560237 0 917 -0.892058
8.579391 0 923 -0.892058
8.618115 0 925 -0.892058
8.629852 0 929 -0.892058
8.661597 0 933 -0.892058
8.676617 0 933 -0.892058
8.690182 0 933 -0.892058
8.726654 0 916 -0.892058
8.738497 0 916 -0.892058
8.750256 0 916 -0.892058
8.768515 0 943 -0.892058
8.800078 0 933 -0.892058
8.836188 0 947 -0.892058
8.870368 0 945 -0.892058
8.884060 0 951 -0.892058
8.894454 0 951 -0.892058
8.904468 0 951 -0.892058
8.920503 0 954 -0.892058
8.964369 0 964 -0.892058
8.997662 0 963 -0.892058
9.041784 0 972 -0.892058
9.056568 0 972 -0.892058
9.067764 0 976 -0.892058
9.079501 0 976 -0.892058
9.090600 0 976 -0.892058
9.154379 0 984 -0.892058
9.165858 0 984 -0.892058
9.179815 0 982 -0.892058
9.194727 1 982 19.853508
9.209349 1 986 21.315721
9.221709 1 986 22.551700
9.255902 1 986 25.971054
9.269603 1 986 27.341154
9.287122 1 986 29.093071
9.299565 1 986 30.337363
9.310213 1 992 31.402121
call to Robot/Rotate
