call to Robot/MoveCC
0.050048 0 49 0.000000
0.100529 0 91 0.000000
0.148012 0 36 0.000000
0.197629 0 32 0.000000
0.247573 -1 40 -32.996645
0.295560 0 44 -5.875888
0.358733 0 44 -5.875888
0.418337 0 51 -5.875888
0.464506 0 55 -5.875888
0.512532 0 59 -5.875888
0.569594 0 63 -5.875888
0.608698 0 67 -5.875888
0.662203 0 72 -5.875888
0.707779 0 78 -5.875888
0.748494 0 82 -5.875888
0.800659 0 84 -5.875888
0.854579 0 91 -5.875888
0.907745 0 93 -5.875888
0.962386 0 99 -5.875888
1.008501 0 103 -5.875888
1.049450 0 112 -5.875888
1.088689 0 114 -5.875888
1.147884 0 120 -5.875888
1.180515 0 122 -5.875888
1.222085 0 126 -5.875888
1.258118 0 130 -5.875888
1.268429 0 130 -5.875888
1.288459 0 130 -5.875888
1.297778 0 130 -5.875888
1.304328 0 135 -5.875888
call to Robot/Rotate
call to Robot/Rotate
call to Robot/MoveCC
0.032652 0 460 0.000000
0.079117 0 456 0.000000
0.118187 0 456 0.000000
0.159111 0 460 0.000000
0.208516 0 464 0.000000
0.248203 1 469 32.381205
0.292089 1 474 37.647540
0.330194 1 483 42.220145
0.372933 1 483 47.348880
0.416169 1 492 52.537135
0.459107 1 491 57.689725
0.502634 1 498 62.912945
0.542652 1 504 67.715070
0.578574 0 506 39.870432
0.613067 0 509 39.870432
0.644627 0 511 39.870432
0.688235 0 517 39.870432
0.724675 0 518 39.870432
0.765021 0 523 39.870432
0.804954 0 527 39.870432
0.834727 0 534 39.870432
0.872850 0 536 39.870432
0.911121 0 538 39.870432
0.948543 0 546 39.870432
0.988252 0 551 39.870432
1.028368 0 553 39.870432
1.064611 0 554 39.870432
1.098704 0 561 39.870432
1.131028 -1 563 7.930995
1.172055 -1 567 3.007730
1.204969 -1 572 -0.941895
1.243723 -1 573 -5.592350
1.289016 0 580 21.690035
1.333084 -1 581 -10.954005
1.370953 0 589 16.773855
1.404805 0 590 16.773855
1.448600 0 598 16.773855
1.485021 0 599 16.773855
1.514954 0 605 16.773855
1.548669 0 609 16.773855
1.588391 0 616 16.773855
1.624834 0 622 16.773855
1.661193 0 624 16.773855
1.704948 0 624 16.773855
1.750694 0 632 16.773855
1.785782 0 644 16.773855
1.819027 0 645 16.773855
1.859178 -1 658 -15.635167
1.902664 -1 661 -20.853463
1.943157 -1 672 -25.712717
1.984855 0 689 1.785445
2.020580 0 698 1.785445
2.058393 0 702 1.785445
2.091896 0 710 1.785445
2.129134 0 705 1.785445
2.175903 0 705 1.785445
2.209150 -1 712 -30.209390
2.248631 0 704 -2.578265
2.282462 -1 705 -34.608145
2.318275 0 702 -6.756925
2.358568 0 712 -6.756925
2.394252 0 710 -6.756925
2.438653 0 710 -6.756925
2.472888 0 714 -6.756925
2.510139 0 712 -6.756925
2.548772 0 720 -6.756925
2.588481 0 722 -6.756925
2.628036 0 720 -6.756925
2.658467 0 726 -6.756925
2.698604 0 730 -6.756925
2.740544 0 730 -6.756925
2.779997 0 734 -6.756925
2.818985 0 740 -6.756925
2.860359 0 742 -6.756925
2.904946 0 748 -6.756925
2.952409 0 748 -6.756925
2.994884 0 748 -6.756925
3.035030 0 750 -6.756925
3.078365 0 750 -6.756925
3.114987 0 758 -6.756925
3.158880 0 757 -6.756925
3.200949 0 766 -6.756925
3.234958 0 773 -6.756925
3.280668 0 774 -6.756925
3.324291 0 778 -6.756925
3.372593 0 784 -6.756925
3.410550 0 786 -6.756925
3.449189 0 788 -6.756925
3.487978 0 794 -6.756925
3.518892 0 800 -6.756925
3.549115 1 802 25.056455
3.594315 1 804 30.480495
3.628913 1 808 34.632245
3.662685 1 810 38.684865
3.699068 0 817 10.867827
3.731028 0 819 10.867827
3.778555 0 824 10.867827
3.814105 0 827 10.867827
3.850067 0 826 10.867827
3.885106 0 835 10.867827
3.914954 0 834 10.867827
3.950949 0 843 10.867827
3.993006 0 842 10.867827
4.048141 0 848 10.867827
4.087680 0 857 10.867827
4.122988 0 856 10.867827
4.171100 0 865 10.867827
4.211144 0 871 10.867827
4.253822 0 877 10.867827
4.293172 0 879 10.867827
4.334764 0 878 10.867827
4.367949 0 883 10.867827
4.399153 0 886 10.867827
4.429047 0 891 10.867827
4.464054 0 894 10.867827
4.498884 0 899 10.867827
4.534160 0 901 10.867827
4.578802 0 907 10.867827
4.612731 0 909 10.867827
4.652757 0 915 10.867827
4.694694 0 921 10.867827
4.728766 0 917 10.867827
4.771607 0 929 10.867827
4.808155 0 933 10.867827
4.844397 0 933 10.867827
4.882706 0 933 10.867827
4.914113 0 943 10.867827
4.954311 0 943 10.867827
4.989080 0 947 10.867827
5.038327 0 952 10.867827
5.072095 0 956 10.867827
5.118199 0 964 10.867827
5.150712 0 964 10.867827
5.191165 0 968 10.867827
5.230237 0 976 10.867827
5.263077 0 976 10.867827
5.297923 0 982 10.867827
5.334092 0 984 10.867827
5.380825 0 990 10.867827
5.413560 0 993 10.867827
5.448585 0 994 10.867827
5.487532 0 1002 10.867827
5.522747 0 1002 10.867827
5.560846 0 1006 10.867827
5.592847 0 1008 10.867827
5.628591 0 1015 10.867827
5.668805 0 1016 10.867827
5.714335 0 1022 10.867827
5.752959 0 1024 10.867827
5.790763 0 1028 10.867827
5.832409 -1 1036 -21.630955
5.868749 -1 1036 -25.991775
5.900888 -1 1040 -29.848500
5.928945 -1 1044 -33.215325
5.973075 -1 1046 -38.510935
6.008617 0 1052 -10.643413
6.040427 0 1054 -10.643413
6.078949 0 1054 -10.643413
6.118978 0 1062 -10.643413
6.161852 0 1068 -10.643413
6.199028 0 1074 -10.643413
6.238460 0 1074 -10.643413
6.283539 0 1083 -10.643413
6.321924 0 1084 -10.643413
6.350982 0 1089 -10.643413
6.389022 0 1092 -10.643413
6.430616 0 1099 -10.643413
6.468771 0 1099 -10.643413
6.512909 0 1107 -10.643413
6.554664 0 1105 -10.643413
6.590924 0 1106 -10.643413
6.630808 0 1115 -10.643413
6.673127 0 1119 -10.643413
6.720875 1 1123 22.221470
6.760873 1 1128 27.021195
6.798099 1 1135 31.488310
6.841876 0 1130 4.114935
6.874824 1 1143 36.091837
6.910825 0 1143 8.251862
6.958729 0 1152 8.251862
6.992994 0 1154 8.251862
7.041106 0 1160 8.251862
7.074767 0 1162 8.251862
7.114532 0 1166 8.251862
7.144871 0 1166 8.251862
7.183149 0 1175 8.251862
7.228823 0 1174 8.251862
7.263124 0 1181 8.251862
7.304530 0 1187 8.251862
7.341128 0 1189 8.251862
7.382846 0 1194 8.251862
7.421929 0 1198 8.251862
7.458122 0 1200 8.251862
7.498828 0 1206 8.251862
7.540924 0 1210 8.251862
7.578746 0 1215 8.251862
7.614910 0 1217 8.251862
7.663070 0 1223 8.251862
7.691050 0 1225 8.251862
7.728898 0 1229 8.251862
7.768160 0 1234 8.251862
7.808083 0 1233 8.251862
7.842667 0 1242 8.251862
7.878742 0 1244 8.251862
7.918437 0 1250 8.251862
7.952324 0 1252 8.251862
7.982898 0 1255 8.251862
8.024836 0 1254 8.251862
8.060017 0 1259 8.251862
8.088992 0 1266 8.251862
8.119154 0 1269 8.251862
8.169159 0 1273 8.251862
8.203059 0 1278 8.251862
8.238203 1 1280 40.360495
8.278348 0 1284 12.769150
8.308432 0 1288 12.769150
8.340920 0 1289 12.769150
8.380732 0 1294 12.769150
8.429978 0 1301 12.769150
8.459172 0 1305 12.769150
8.498464 0 1307 12.769150
8.533123 0 1318 12.769150
8.571069 0 1316 12.769150
8.611143 0 1317 12.769150
8.648298 0 1324 12.769150
8.681063 0 1332 12.769150
8.712168 0 1330 12.769150
8.748411 0 1334 12.769150
8.784521 0 1341 12.769150
8.821103 0 1343 12.769150
8.854751 0 1345 12.769150
8.899148 0 1353 12.769150
8.938998 0 1353 12.769150
8.972913 0 1358 12.769150
9.011169 0 1361 12.769150
9.052311 0 1370 12.769150
9.084549 0 1372 12.769150
9.122777 0 1376 12.769150
9.161117 0 1379 12.769150
9.197605 0 1385 12.769150
9.230314 0 1387 12.769150
9.264571 0 1387 12.769150
9.298501 0 1391 12.769150
9.334327 0 1400 12.769150
9.377901 0 1399 12.769150
9.413004 0 1399 12.769150
9.447836 0 1410 12.769150
9.484730 -1 1414 -19.444500
9.522793 0 1418 8.271745
9.555111 -1 1413 -23.667335
9.582156 -1 1421 -26.912785
9.600260 0 1426 2.000992
9.618602 0 1426 2.000992
9.650686 0 1430 2.000992
9.665976 0 1429 2.000992
9.682957 0 1429 2.000992
9.693944 0 1436 2.000992
9.707674 0 1436 2.000992
9.719867 0 1438 2.000992
9.764990 0 1436 2.000992
9.824104 0 1443 2.000992
9.840074 0 1450 2.000992
9.857819 0 1451 2.000992
9.871884 0 1451 2.000992
9.882964 0 1451 2.000992
9.897797 0 1456 2.000992
9.954793 0 1460 2.000992
9.970184 -1 1460 -28.922460
10.002823 -1 1466 -32.839180
10.019177 -1 1466 -34.801730
10.038808 0 1474 -5.979585
10.054536 0 1474 -5.979585
10.090660 -1 1474 -38.147070
10.107749 -1 1474 -40.197750
10.122468 0 1478 -11.080890
10.139107 0 1478 -11.080890
10.149046 0 1482 -11.080890
10.168782 0 1482 -11.080890
10.182947 0 1482 -11.080890
10.200037 0 1482 -11.080890
10.214556 0 1490 -11.080890
10.312045 0 1497 -11.080890
10.370634 0 1504 -11.080890
10.404521 0 1504 -11.080890
10.438622 0 1506 -11.080890
10.480823 0 1512 -11.080890
10.509050 0 1519 -11.080890
10.548390 0 1525 -11.080890
10.593112 0 1528 -11.080890
10.634546 0 1535 -11.080890
10.672870 0 1534 -11.080890
10.709131 0 1541 -11.080890
10.748395 1 1547 21.274955
10.780395 1 1549 25.115025
10.814863 1 1549 29.251170
10.852197 1 1551 33.731245
10.887935 1 1559 38.019765
10.918721 1 1557 41.714060
10.955092 0 1567 13.896327
11.004255 1 1571 46.846120
11.034689 0 1573 18.672142
11.075006 0 1571 18.672142
11.112970 0 1577 18.672142
11.158107 0 1585 18.672142
11.199846 0 1589 18.672142
11.229190 0 1593 18.672142
11.278729 0 1595 18.672142
11.312591 0 1597 18.672142
11.348622 0 1603 18.672142
11.388896 0 1607 18.672142
11.420659 0 1611 18.672142
11.464730 0 1618 18.672142
11.498190 0 1625 18.672142
11.534107 0 1624 18.672142
11.570798 0 1628 18.672142
11.610655 0 1627 18.672142
11.644649 0 1627 18.672142
11.680163 0 1640 18.672142
11.721153 0 1641 18.672142
11.751188 0 1650 18.672142
11.799138 0 1649 18.672142
11.834276 0 1658 18.672142
11.862995 0 1662 18.672142
11.908763 0 1664 18.672142
11.942171 0 1664 18.672142
11.978774 0 1671 18.672142
12.018332 0 1676 18.672142
12.050210 -1 1676 -13.240548
12.086655 -1 1682 -17.613888
12.124194 -1 1679 -22.118628
12.177735 -1 1692 -28.543548
12.208907 -1 1696 -32.284102
12.249131 -1 1698 -37.111018
12.293149 0 1701 -9.752115
12.340479 0 1708 -9.752115
12.379090 0 1716 -9.752115
12.418534 0 1722 -9.752115
12.448515 0 1724 -9.752115
12.490130 0 1726 -9.752115
12.526074 0 1726 -9.752115
12.574678 0 1726 -9.752115
12.620270 0 1726 -9.752115
12.648816 0 1726 -9.752115
12.691163 0 1726 -9.752115
12.724218 0 1726 -9.752115
12.763001 0 1726 -9.752115
12.798678 0 1726 -9.752115
12.838491 0 1726 -9.752115
12.878695 0 1726 -9.752115
12.914970 0 1771 -9.752115
12.954801 0 1770 -9.752115
13.000390 0 1778 -9.752115
13.035041 1 1783 22.326967
13.078872 0 1783 -5.043178
13.118353 1 1797 27.325685
13.167925 0 1797 0.300023
13.198954 0 1797 0.300023
13.236014 0 1797 0.300023
13.274144 0 1797 0.300023
13.304224 0 1797 0.300023
13.340757 0 1797 0.300023
13.389854 0 1797 0.300023
13.424118 0 1797 0.300023
13.470685 1 1797 33.094080
13.510701 0 1797 5.495013
13.549178 1 1797 37.803648
13.588040 1 1797 42.467037
13.620172 0 1797 14.394975
13.661088 1 1797 46.849950
13.697813 0 1797 19.053415
13.733148 0 1797 19.053415
13.771122 0 1797 19.053415
13.815041 0 1797 19.053415
13.850735 0 1797 19.053415
13.892564 0 1875 19.053415
13.934747 0 1881 19.053415
13.970962 0 1881 19.053415
14.008997 0 1885 19.053415
14.048745 0 1885 19.053415
14.084864 0 1885 19.053415
14.120620 0 1885 19.053415
14.158952 0 1885 19.053415
14.202049 0 1885 19.053415
14.238676 0 1885 19.053415
14.280624 0 1885 19.053415
14.313031 0 1885 19.053415
14.342894 0 1885 19.053415
14.380800 0 1885 19.053415
14.414949 0 1885 19.053415
14.461026 0 1885 19.053415
14.494664 0 1885 19.053415
14.534690 0 1885 19.053415
14.571053 0 1885 19.053415
14.614104 0 1885 19.053415
14.648073 0 1885 19.053415
14.682767 0 1885 19.053415
14.720455 0 1885 19.053415
14.755040 0 1885 19.053415
14.784721 -1 1885 -12.727405
14.828531 0 1885 14.643980
14.862559 -1 1885 -17.397685
14.900984 -1 1885 -22.008735
14.940753 0 1885 5.605112
14.982877 0 1885 5.605112
15.028423 1 1885 38.337857
15.063181 2 1885 74.594192
15.112729 3 1885 119.458642
15.149777 3 1885 132.796012
15.192028 4 1885 180.541625
15.228866 5 1885 230.434145
15.268692 5 1885 254.329395
15.301144 5 1885 273.800420
15.340280 4 1885 264.933905
15.371179 4 1885 279.765825
15.407863 4 1885 297.373765
15.449783 2 1885 252.465175
15.483060 2 1885 260.451555
15.523179 2 1885 270.080055
15.567911 2 1885 280.815915
15.598501 2 1885 288.157505
15.628828 2 1885 295.435895
15.668506 2 1885 304.958735
15.708324 2 1885 314.514875
15.743075 2 1885 322.855305
15.788340 2 1885 333.718845
15.821760 2 1885 341.739535
15.860656 3 1885 383.408373
15.895052 2 1885 363.727310
15.929075 2 1885 371.892730
15.970221 2 1885 381.767840
16.004735 2 1885 390.051140
16.044638 2 1885 399.627920
16.084703 2 1885 409.243580
16.124485 2 1885 418.791070
16.160641 2 1885 427.468590
16.201922 1 1885 404.899140
16.250192 2 1885 443.587770
16.288961 1 1885 420.566228
16.324328 1 1885 424.810243
16.359134 1 1885 428.986918
16.400098 0 1885 401.444750
16.433103 -1 1885 369.464428
16.470770 -2 1885 332.684413
16.510101 -2 1885 323.244943
16.542877 -2 1885 315.378662
16.588451 -3 1885 271.706513
16.624833 -2 1885 290.791937
16.667816 -3 1885 247.897025
16.708232 -3 1885 233.347100
16.739111 -3 1885 222.230900
16.780704 -2 1885 239.752938
16.813182 -3 1885 200.009575
16.850680 -3 1885 186.510115
16.898732 -2 1885 202.094565
16.934516 -2 1885 193.506375
16.969029 -2 1885 185.223325
17.011104 -2 1885 175.125285
17.045113 -1 1885 199.003650
17.082953 -2 1885 162.192465
17.124689 -2 1885 152.175815
17.165844 -1 1885 174.767983
17.198946 -1 1885 170.795688
17.228818 -1 1885 167.211058
17.268887 -2 1885 129.998600
17.304870 -2 1885 121.362660
17.342922 -2 1885 112.230230
17.390652 -2 1885 100.775160
17.451054 -1 1885 119.902740
