call to Robot/MoveCC
0.044095 0 51 0.000000
0.085833 0 46 0.000000
0.133677 0 36 0.000000
0.173749 0 38 0.000000
0.224258 0 32 0.000000
0.279086 0 36 0.000000
0.309521 0 38 0.000000
0.360347 0 40 0.000000
0.400180 0 40 0.000000
0.445001 0 44 0.000000
0.490427 0 49 0.000000
0.533995 0 50 0.000000
0.576248 -1 59 -32.535140
0.619749 0 63 -5.145240
0.657124 -1 67 -37.387735
0.690293 0 67 -9.377870
0.723793 0 72 -9.377870
0.756064 0 76 -9.377870
0.800362 0 77 -9.377870
0.834217 0 82 -9.377870
0.872503 0 84 -9.377870
0.910227 0 86 -9.377870
0.946176 0 93 -9.377870
0.989361 0 95 -9.377870
1.024368 0 99 -9.377870
1.066142 0 103 -9.377870
1.111041 0 103 -9.377870
1.152424 0 107 -9.377870
1.199442 0 118 -9.377870
1.239791 0 113 -9.377870
1.289258 0 122 -9.377870
1.324341 0 126 -9.377870
1.365473 0 130 -9.377870
1.400442 0 135 -9.377870
1.441451 0 137 -9.377870
1.479767 0 138 -9.377870
1.522372 0 147 -9.377870
1.554095 0 149 -9.377870
1.601651 0 154 -9.377870
1.641929 1 158 23.038770
1.674346 1 157 26.928780
1.716106 0 166 -0.565610
call to Robot/Rotate
call to Robot/Rotate
call to Robot/MoveCC
0.040008 0 399 0.000000
0.090682 0 399 0.000000
0.136083 0 399 0.000000
0.172213 0 403 0.000000
0.210636 0 404 0.000000
0.246695 0 411 0.000000
0.288582 0 416 0.000000
0.331587 0 420 0.000000
0.360675 0 425 0.000000
0.398715 0 429 0.000000
0.436701 0 428 0.000000
0.476310 0 436 0.000000
0.522483 0 443 0.000000
0.562623 0 447 0.000000
0.598417 0 452 0.000000
0.642149 0 452 0.000000
0.688328 0 456 0.000000
0.720616 0 455 0.000000
0.762518 0 469 0.000000
0.802364 0 473 0.000000
0.850383 0 474 0.000000
0.892290 0 483 0.000000
0.922130 0 483 0.000000
0.965430 0 490 0.000000
1.002169 0 492 0.000000
1.040585 0 498 0.000000
1.070521 0 500 0.000000
1.111520 0 504 0.000000
1.147911 0 508 0.000000
1.182410 0 510 0.000000
1.225226 0 515 0.000000
1.259757 0 523 0.000000
1.302124 0 527 0.000000
1.336437 0 527 0.000000
1.370736 0 536 0.000000
1.410540 0 534 0.000000
1.446648 0 540 0.000000
1.480250 0 542 0.000000
1.519504 1 551 32.355215
1.555629 1 559 36.690175
1.588592 1 563 40.645795
1.638319 1 562 46.613025
1.666642 1 570 50.011750
1.707699 1 570 54.938650
1.748024 0 578 27.358130
1.780572 0 582 27.358130
1.818552 0 581 27.358130
1.860721 0 588 27.358130
1.902634 0 590 27.358130
1.938474 0 597 27.358130
1.977861 0 598 27.358130
2.018163 0 603 27.358130
2.056269 0 609 27.358130
2.096114 0 618 27.358130
2.131480 0 624 27.358130
2.166107 -1 626 -4.719480
2.202690 0 626 23.085538
2.238724 -1 634 -9.076540
2.276660 -1 643 -13.628845
2.312529 -1 639 -17.933115
2.346696 -1 645 -22.033185
2.388080 -1 677 -26.999195
2.420662 -1 666 -30.909020
2.465552 -1 689 -36.295865
2.500498 -1 702 -40.489345
2.540390 0 697 -12.882912
2.581828 0 714 -12.882912
2.620200 0 714 -12.882912
2.648689 0 712 -12.882912
2.687450 0 687 -12.882912
2.725387 0 687 -12.882912
2.758175 0 697 -12.882912
2.798272 0 704 -12.882912
2.837902 0 698 -12.882912
2.872664 0 705 -12.882912
2.912611 0 697 -12.882912
2.946241 0 702 -12.882912
2.986406 0 706 -12.882912
3.022366 0 710 -12.882912
3.060560 0 718 -12.882912
3.097696 0 718 -12.882912
3.131353 0 720 -12.882912
3.166507 1 722 19.226340
3.202683 1 728 23.567350
3.246426 1 730 28.816565
3.288130 1 730 33.821025
3.332647 0 729 6.492070
3.362647 0 735 6.492070
3.396708 0 740 6.492070
3.435426 0 742 6.492070
3.466525 0 744 6.492070
3.502029 0 744 6.492070
3.538593 0 744 6.492070
3.572623 0 744 6.492070
3.612330 0 744 6.492070
3.648576 0 744 6.492070
3.686007 0 744 6.492070
3.722193 0 744 6.492070
3.750726 0 744 6.492070
3.786278 0 687 6.492070
3.820658 0 687 6.492070
3.852035 0 687 6.492070
3.888098 0 687 6.492070
3.922680 0 785 6.492070
3.962120 0 788 6.492070
4.000298 0 792 6.492070
4.036253 0 792 6.492070
4.072462 0 792 6.492070
4.121742 0 792 6.492070
4.157820 0 792 6.492070
4.194744 0 792 6.492070
4.230462 0 792 6.492070
4.268365 0 792 6.492070
4.302341 0 792 6.492070
4.338470 0 825 6.492070
4.376465 0 823 6.492070
4.412688 0 823 6.492070
4.446356 0 843 6.492070
4.478484 0 842 6.492070
4.520233 0 847 6.492070
4.560671 0 853 6.492070
4.592012 0 855 6.492070
4.632542 0 856 6.492070
4.666268 0 856 6.492070
4.700228 0 865 6.492070
4.737367 0 864 6.492070
4.775394 0 869 6.492070
4.812094 0 872 6.492070
4.846615 0 877 6.492070
4.887991 0 885 6.492070
4.929413 0 883 6.492070
4.967917 0 891 6.492070
5.000600 0 895 6.492070
5.036681 0 894 6.492070
5.085464 0 903 6.492070
5.127845 0 907 6.492070
5.168052 0 908 6.492070
5.201899 0 913 6.492070
5.238744 0 916 6.492070
5.278548 0 925 6.492070
5.320748 0 925 6.492070
5.352132 0 929 6.492070
5.388426 0 933 6.492070
5.426052 0 937 6.492070
5.456550 0 941 6.492070
5.498714 0 947 6.492070
5.535705 0 947 6.492070
5.567862 0 954 6.492070
5.606171 0 955 6.492070
5.646059 0 960 6.492070
5.680407 0 964 6.492070
5.722356 0 974 6.492070
5.762474 0 972 6.492070
5.807717 0 971 6.492070
5.840417 0 977 6.492070
5.882593 0 986 6.492070
5.918605 0 985 6.492070
5.956643 0 992 6.492070
6.000555 0 993 6.492070
6.042082 0 1000 6.492070
6.072574 0 1006 6.492070
6.106105 0 1006 6.492070
6.142313 0 1007 6.492070
6.177560 0 1016 6.492070
6.210561 0 1020 6.492070
6.248632 0 1022 6.492070
6.287685 0 1028 6.492070
6.325550 0 1030 6.492070
6.366600 0 1032 6.492070
6.402289 0 1044 6.492070
6.436458 0 1046 6.492070
6.468387 0 1046 6.492070
6.515930 0 1054 6.492070
6.541920 0 1052 6.492070
6.585449 -1 1058 -26.119672
6.626579 0 1061 1.412525
6.660161 -1 1068 -30.602435
6.696339 0 1074 -2.773092
6.738065 0 1076 -2.773092
6.772539 0 1083 -2.773092
6.821978 0 1085 -2.773092
6.858695 0 1091 -2.773092
6.890672 0 1093 -2.773092
6.936595 0 1097 -2.773092
6.975559 0 863 -2.773092
7.012429 0 872 -2.773092
7.040657 0 877 -2.773092
7.075512 0 1114 -2.773092
7.116689 0 1115 -2.773092
7.156292 0 1121 -2.773092
7.190242 0 1123 -2.773092
7.236329 0 1129 -2.773092
7.270650 0 1130 -2.773092
7.320577 0 1137 -2.773092
7.358336 0 1137 -2.773092
7.392176 0 1138 -2.773092
7.426597 0 1147 -2.773092
7.466005 0 1147 -2.773092
7.496418 0 1147 -2.773092
7.538164 0 1160 -2.773092
7.576014 0 1042 -2.773092
7.615947 0 1164 -2.773092
7.652402 0 1164 -2.773092
7.686657 0 1170 -2.773092
7.728623 0 1179 -2.773092
7.770491 0 1179 -2.773092
7.811869 0 1181 -2.773092
7.842606 0 1187 -2.773092
7.881953 0 1189 -2.773092
7.926270 0 1200 -2.773092
7.968667 0 1200 -2.773092
8.007906 0 1206 -2.773092
8.042424 0 1210 -2.773092
8.088049 1 984 29.964395
8.135671 1 1218 35.679050
8.177633 1 1227 40.714465
8.206591 0 1227 12.451943
8.240679 0 1232 12.451943
8.279690 0 1236 12.451943
8.320437 0 1237 12.451943
8.356575 0 1246 12.451943
8.391660 0 1246 12.451943
8.421951 0 1250 12.451943
8.456583 0 1259 12.451943
8.495671 0 1263 12.451943
8.530561 0 1265 12.451943
8.562670 0 1267 12.451943
8.597985 0 1274 12.451943
8.638556 0 1278 12.451943
8.672330 0 1280 12.451943
8.706481 0 1282 12.451943
8.747835 0 1288 12.451943
8.778459 0 1290 12.451943
8.822451 0 1297 12.451943
8.858691 0 1299 12.451943
8.893731 0 1300 12.451943
8.932493 0 1305 12.451943
8.971821 0 1309 12.451943
9.022201 0 1317 12.451943
9.061618 0 1315 12.451943
9.098579 0 1322 12.451943
9.136226 0 1324 12.451943
9.176251 0 1326 12.451943
9.211989 0 1337 12.451943
9.252020 0 1341 12.451943
9.289763 0 1343 12.451943
9.331884 0 1349 12.451943
9.371663 0 1344 12.451943
9.401993 0 1353 12.451943
9.446121 0 1360 12.451943
9.479330 0 1361 12.451943
9.520505 -1 1366 -20.018535
9.560749 -1 1368 -24.847855
9.600754 -1 1370 -29.648450
9.641722 0 1379 -2.106535
9.677451 -1 1385 -34.250255
9.715710 -1 1380 -38.841335
9.757956 0 1389 -11.376085
9.790310 0 1389 -11.376085
9.830462 0 1398 -11.376085
9.868021 0 1397 -11.376085
9.906097 0 1400 -11.376085
9.936167 0 1399 -11.376085
9.972036 0 1410 -11.376085
10.009346 0 1410 -11.376085
10.056099 0 1420 -11.376085
10.095762 0 1420 -11.376085
10.132334 0 1427 -11.376085
10.176379 0 1434 -11.376085
10.211758 0 1435 -11.376085
10.246646 0 1437 -11.376085
10.290287 0 1450 -11.376085
10.330444 0 1448 -11.376085
10.370043 0 1452 -11.376085
10.411869 0 1458 -11.376085
10.455801 0 1191 -11.376085
10.491586 0 1191 -11.376085
10.532420 0 1468 -11.376085
10.576568 0 1474 -11.376085
10.611335 0 1482 -11.376085
10.646003 0 1486 -11.376085
10.682192 0 1488 -11.376085
10.726074 0 1491 -11.376085
10.765713 0 1497 -11.376085
10.806192 0 1495 -11.376085
10.850363 1 1505 21.274198
10.881931 1 1505 25.062332
10.927714 1 1511 30.556243
10.972669 1 1513 35.950873
11.017687 1 1520 41.353067
11.052397 1 1525 45.518233
11.086562 1 1529 49.618018
11.122146 1 1291 53.888068
11.160673 0 1528 26.199700
11.206533 0 1269 26.199700
11.245653 0 1543 26.199700
11.280733 0 1547 26.199700
11.321776 0 1550 26.199700
11.369493 0 1555 26.199700
11.400578 0 1555 26.199700
11.442059 0 1559 26.199700
11.478174 0 1564 26.199700
11.510618 0 1571 26.199700
11.555787 0 1577 26.199700
11.582579 0 1577 26.199700
11.629507 -1 1584 -6.615978
11.676577 -1 1585 -12.264367
11.710705 -1 1589 -16.359747
11.750759 -1 1595 -21.166278
11.788496 -1 1597 -25.694718
11.827111 -1 1601 -30.328522
11.865733 -1 1611 -34.963113
11.906235 -1 1609 -39.823377
11.932463 0 1605 -11.397050
11.960652 0 1619 -11.397050
12.005537 0 1626 -11.397050
12.038439 0 1626 -11.397050
12.080273 0 1632 -11.397050
12.121861 0 1634 -11.397050
12.162405 0 1638 -11.397050
12.196727 0 1641 -11.397050
12.232643 0 1649 -11.397050
12.270398 0 1654 -11.397050
12.302041 0 1654 -11.397050
12.340353 0 1658 -11.397050
12.376453 0 1662 -11.397050
12.416696 0 1662 -11.397050
12.455784 0 1664 -11.397050
12.486324 0 1676 -11.397050
12.531454 0 1678 -11.397050
12.568136 0 1680 -11.397050
12.598700 0 1684 -11.397050
12.642630 1 1686 21.238723
12.676211 1 1686 25.268527
12.710596 1 1686 29.394712
12.749632 1 1686 34.079063
12.782338 1 1686 38.003703
12.822192 1 1686 42.786198
12.856338 0 1686 14.834945
12.898242 0 1686 14.834945
12.932157 0 1686 14.834945
12.971743 0 1686 14.834945
13.005757 0 515 14.834945
13.041928 0 515 14.834945
13.076008 0 515 14.834945
13.109673 0 515 14.834945
13.146253 0 515 14.834945
13.178477 0 515 14.834945
13.212175 0 515 14.834945
13.249665 0 515 14.834945
13.290143 0 515 14.834945
13.330646 0 515 14.834945
13.356613 0 515 14.834945
13.402165 0 1766 14.834945
13.439618 0 1766 14.834945
13.475974 0 1766 14.834945
13.515602 1 1766 47.212653
13.548159 1 1766 51.119438
13.591431 1 1777 56.312048
13.628366 1 1771 60.744263
13.666570 1 1762 65.328763
13.710253 1 1760 70.570738
13.828713 1 1760 84.785873
13.946313 1 1760 98.897928
14.066369 1 1760 113.304698
14.186453 1 1760 127.714713
14.308599 1 1760 142.372268
14.431605 1 1760 157.132913
14.551610 1 1760 171.533623
14.670408 1 1760 185.789303
14.788683 1 1760 199.982323
14.910608 1 1760 214.613363
15.026036 1 1760 228.464728
15.146160 1 1760 242.879593
15.268546 1 1760 257.565858
15.388385 1 1760 271.946603
15.510058 1 1760 286.547298
15.628602 1 1760 300.772618
15.748357 1 1760 315.143173
15.865988 1 1760 329.258898
15.981725 1 1760 343.147413
16.105564 1 1760 358.007993
16.226085 1 1760 372.470603
16.346364 1 1760 386.904063
16.468599 1 1760 401.572228
16.588497 1 1760 415.960023
16.708673 1 1760 430.381083
16.828612 1 1760 444.773803
16.946287 1 1760 458.894853
17.066134 1 1760 473.276478
17.182308 1 1760 487.217348
17.302244 1 1760 501.609703
17.420554 1 1760 515.806788
17.540421 1 1760 530.190913
17.658338 1 1760 544.340948
17.776204 1 1760 558.484848
17.892360 1 1760 572.423593
18.017403 1 1760 587.428758
18.138363 1 1760 601.943893
18.260134 1 1760 616.556423
18.379624 1 1760 630.895243
18.502153 1 1760 645.598723
18.622020 1 1760 659.982738
18.740640 1 1760 674.217178
18.858370 1 1760 688.344803
18.980418 1 1760 702.990488
19.105473 1 1760 717.997163
19.223658 1 1760 732.179288
19.346332 1 1760 746.900153
19.466110 1 1760 761.273578
19.578511 1 1760 774.761638
19.696357 1 1760 788.903193
19.816445 1 1760 803.313723
19.938615 1 1760 817.974163
20.059722 1 1760 832.506988
20.178236 1 1760 846.728728
20.298585 1 1760 861.170548
20.416256 1 1760 875.291133
20.534197 1 1760 889.444018
20.656115 1 1760 904.074208
20.776104 1 1760 918.472823
20.895094 1 1760 932.751618
21.010297 1 1760 946.576003
21.128422 1 1760 960.750973
21.245897 1 1760 974.847983
21.362297 1 1760 988.816028
21.478495 1 1760 1002.759798
21.596045 1 1760 1016.865733
21.708709 1 1760 1030.385453
21.830656 1 1760 1045.019113
21.950708 1 1760 1059.425373
22.068665 1 1760 1073.580118
22.185980 1 1760 1087.657978
22.298662 1 1760 1101.179848
22.416154 1 1760 1115.278883
22.535923 1 1760 1129.651148
22.650373 1 1760 1143.385183
22.771830 1 1760 1157.959993
22.888455 1 1760 1171.954983
23.005977 1 1760 1186.057648
23.125626 1 1760 1200.415498
23.238682 1 1760 1213.982243
23.358583 1 1760 1228.370273
23.478266 1 1760 1242.732248
23.597879 1 1760 1257.085868
23.718408 1 1760 1271.549378
23.840324 1 1760 1286.179278
23.958466 1 1760 1300.356313
24.078531 1 1760 1314.764138
24.196717 0 1760 1291.855245
24.206199 0 1760 1291.855245
24.216755 0 1760 1291.855245
24.223541 0 1760 1291.855245
24.231430 0 1760 1291.855245
24.236172 0 1760 1291.855245
24.245893 0 1760 1291.855245
24.252277 0 1760 1291.855245
24.260487 0 1760 1291.855245
24.270638 0 1760 1291.855245
24.281719 0 1760 1291.855245
24.288551 0 1760 1291.855245
24.297727 0 1760 1291.855245
24.308145 0 1760 1291.855245
24.312633 0 1760 1291.855245
24.322103 0 1760 1291.855245
24.328247 0 1760 1291.855245
24.337943 0 1760 1291.855245
24.346390 0 1760 1291.855245
24.352494 0 1760 1291.855245
24.361616 0 1760 1291.855245
24.369884 0 1760 1291.855245
24.377901 0 1760 1291.855245
24.386379 0 1760 1291.855245
24.391951 0 1760 1291.855245
24.400333 0 1760 1291.855245
24.410720 0 1760 1291.855245
24.421300 0 1760 1291.855245
24.422666 0 1760 1291.855245
24.436419 0 1760 1291.855245
24.448679 0 1760 1291.855245
24.451891 0 1760 1291.855245
24.461759 0 1760 1291.855245
24.468114 0 1760 1291.855245
24.476117 0 1760 1291.855245
24.487872 0 1760 1291.855245
24.496739 0 1760 1291.855245
24.502173 0 1760 1291.855245
24.515314 0 1760 1291.855245
24.517973 0 1760 1291.855245
24.527091 0 1760 1291.855245
24.536415 0 1760 1291.855245
24.540703 0 1760 1291.855245
24.549634 0 1760 1291.855245
24.558706 0 1760 1291.855245
24.566662 0 1760 1291.855245
24.575726 0 1760 1291.855245
24.581823 0 1760 1291.855245
24.588255 0 1760 1291.855245
24.595639 0 1760 1291.855245
24.602415 0 1760 1291.855245
24.612200 0 1760 1291.855245
24.621846 0 1760 1291.855245
24.630272 0 1760 1291.855245
24.641588 0 1760 1291.855245
24.650613 0 1760 1291.855245
24.666132 0 1760 1291.855245
24.671989 0 1760 1291.855245
24.678077 0 1760 1291.855245
24.686611 0 1760 1291.855245
24.695744 0 1760 1291.855245
24.701946 0 1760 1291.855245
24.711602 0 1760 1291.855245
24.720140 0 1760 1291.855245
24.728353 0 1760 1291.855245
24.737978 0 1760 1291.855245
24.747900 0 1760 1291.855245
24.755854 0 1760 1291.855245
24.763592 0 1760 1291.855245
24.771787 0 1760 1291.855245
24.779458 0 1760 1291.855245
24.785982 0 1760 1291.855245
24.795769 0 1760 1291.855245
24.800651 0 1760 1291.855245
24.810171 0 1760 1291.855245
24.816179 0 1760 1291.855245
24.825498 0 1760 1291.855245
24.831936 0 1760 1291.855245
24.840237 0 1760 1291.855245
24.850639 0 1760 1291.855245
24.858532 0 1760 1291.855245
24.866389 0 1760 1291.855245
24.872637 0 1760 1291.855245
24.880744 0 1760 1291.855245
24.891107 0 1760 1291.855245
24.897995 0 1760 1291.855245
24.906046 0 1760 1291.855245
24.916380 0 1760 1291.855245
24.925928 0 1760 1291.855245
24.931745 -1 1760 1261.506235
25.052458 -1 1760 1247.020655
25.172629 -1 1760 1232.600055
25.293544 -1 1760 1218.090345
25.416069 -1 1760 1203.387260
25.536306 -1 1760 1188.958920
25.663476 -1 1760 1173.698445
25.780732 -1 1760 1159.627690
25.902353 -1 1760 1145.033245
26.025690 -1 1760 1130.232830
26.145863 -1 1760 1115.812010
26.265207 -1 1760 1101.490770
26.382163 -1 1760 1087.456030
26.500713 -1 1760 1073.229995
26.620466 -1 1760 1058.859710
26.735990 -1 1760 1044.996730
26.855995 -1 1760 1030.596180
26.976376 -1 1760 1016.150505
27.096079 -1 1760 1001.786055
27.212293 -1 1760 987.840455
27.325976 -1 1760 974.198440
27.442563 -1 1760 960.207985
27.558492 -1 1760 946.296600
27.677374 -1 1760 932.030735
27.796389 -1 1760 917.748865
27.915352 -1 1760 903.473355
28.029452 -1 1760 889.781360
28.155644 -1 1760 874.638260
28.268628 -1 1760 861.080215
28.385988 -1 1760 846.997025
28.506045 -1 1760 832.590230
28.623718 -1 1760 818.469455
28.745829 -1 1760 803.816120
28.858737 -1 1760 790.267190
28.980688 -1 1760 775.633020
29.100547 -1 1760 761.249995
29.221147 -1 1760 746.777950
29.338743 -1 1760 732.666425
29.461411 -1 1760 717.946280
29.580762 -1 1760 703.624160
29.702152 -1 1760 689.057390
29.825622 -1 1760 674.240975
29.938545 -1 1760 660.690230
30.055872 -1 1760 646.610995
30.172138 -1 1760 632.659030
30.295534 -1 1760 617.851505
30.412465 -1 1760 603.819800
30.532684 -1 1760 589.393450
30.652642 -1 1760 574.998550
30.772007 -1 1760 560.674760
30.892405 -1 1760 546.226955
31.012226 -1 1760 531.848500
31.128647 -1 1760 517.877965
31.246363 -1 1760 503.752010
31.366153 -1 1760 489.377195
31.482394 -1 1760 475.428335
31.601616 -1 1760 461.121615
31.716008 -1 1760 447.394625
31.836005 -1 1760 432.994960
31.955319 -1 49 418.677355
31.985630 -1 49 415.039945
32.016286 -1 49 411.361250
32.050229 -1 49 407.288085
32.086211 -2 49 370.811370
32.126743 -2 49 361.083780
32.162138 -3 49 320.465155
32.198695 -5 49 242.917955
32.232617 -6 86 190.529215
32.282449 -8 1752 88.670265
32.318689 -9 1755 21.705465
32.348221 -10 1761 -41.960968
32.386505 -11 1763 -120.198650
32.420570 -11 1770 -165.165001
32.460117 -11 1775 -217.366435
32.585418 -10 1777 -345.246535
32.702557 -10 1777 -485.813185
32.828108 -10 1777 -636.473635
32.948525 -10 1777 -780.974885
33.068720 -10 1777 -925.207885
33.192682 -10 1777 -1073.963285
33.316211 -10 1777 -1222.198085
33.440612 -10 1777 -1371.479135
33.556050 -10 1777 -1510.004686
33.679173 -10 1777 -1657.751935
33.800566 -10 1778 -1803.423736
33.925886 -10 1778 -1953.807185
34.041414 -10 1778 -2092.441336
34.162426 -10 1778 -2237.655085
34.285295 -10 1778 -2385.098285
34.406029 -10 1778 -2529.979585
34.526377 -10 1778 -2674.397285
34.646483 -10 1778 -2818.523435
34.768503 -10 1778 -2964.948085
34.888748 -10 1777 -3109.242185
35.009927 -10 1777 -3254.656786
35.135220 -10 1778 -3405.008586
35.252683 -10 1777 -3545.963485
35.372598 -10 1778 -3689.862085
35.490686 -10 1777 -3831.567235
35.612612 -10 1778 -3977.878486
35.738312 -10 1778 -4128.718435
35.858464 -10 1778 -4272.901086
35.980498 -10 1778 -4419.341586
36.100453 -10 1778 -4563.287935
36.218260 -10 1778 -4704.656136
36.336269 -10 1778 -4846.267686
36.452586 -10 2550 -4985.847286
36.487916 -10 2550 -5028.243486
36.518506 -10 2550 -5064.951186
36.556284 -10 55 -5110.284736
36.596075 -10 49 -5158.034836
36.632073 -9 44 -5169.071891
36.667985 -8 40 -5175.702810
36.711495 -7 50 -5184.861099
36.751699 -6 50 -5186.220478
36.787767 -4 46 -5147.861328
36.820703 -2 44 -5099.718228
36.860200 2 58 -4979.718228
36.901503 5 58 -4872.370899
36.932420 7 58 -4790.110898
36.966537 10 58 -4665.311346
37.002674 13 58 -4525.442459
37.041672 15 58 -4399.924628
37.078092 17 506 -4269.999589
37.117898 21 326 -4059.240769
37.151855 23 321 -3909.593959
37.181993 26 519 -3730.988850
37.226490 29 321 -3494.150262
37.263666 31 308 -3300.314264
37.296505 34 334 -3082.244438
37.339687 37 321 -2808.287699
37.368686 39 321 -2616.053208
37.405312 41 321 -2380.246809
37.436401 44 321 -2131.693333
37.472242 47 326 -1846.000561
37.516727 49 321 -1529.767681
37.552003 53 326 -1193.879075
37.588282 56 326 -866.616050
37.628654 59 321 -498.050395
37.667900 61 374 -155.477395
37.702056 64 355 190.689477
37.741388 66 355 557.481355
37.776594 67 1341 868.426559
37.818429 68 1406 1237.288715
37.850480 67 1412 1466.905865
37.888283 65 1387 1706.301990
37.926568 63 1418 1940.328555
37.960555 60 1418 2101.157227
37.996054 57 326 2260.361667
38.032310 55 326 2443.998070
38.066327 53 321 2604.429040
38.106563 51 326 2795.502722
38.146500 50 326 3007.518415
38.179910 47 326 3111.966553
38.216286 44 326 3220.579289
38.257123 42 338 3371.299499
38.295613 38 326 3436.050097
38.333586 36 321 3544.652437
38.366498 33 321 3590.908117
38.403347 32 321 3704.618242
38.441923 28 334 3723.490193
38.471956 26 525 3760.796572
38.502617 23 326 3760.942608
38.546480 20 321 3784.108826
38.582139 18 338 3805.409444
38.617250 15 338 3784.929719
38.655802 12 338 3757.384230
38.688258 10 338 3740.226645
38.730020 8 338 3725.329335
38.766591 4 338 3631.660245
38.803589 2 338 3584.979435
38.838484 -1 338 3497.073140
38.880180 -4 338 3394.564152
38.910620 -6 338 3316.300002
38.945787 -8 338 3226.760072
38.980625 -11 1779 3097.044610
39.106330 -16 1787 2743.402781
39.142592 -16 1785 2673.779741
39.172549 -16 1787 2616.262061
39.208704 -17 1787 2514.676398
39.244454 -19 1783 2377.455947
39.280029 -21 1786 2232.074547
39.314177 -24 1792 2049.874610
39.346309 -27 1817 1861.552348
39.377972 -29 1854 1695.163966
39.412320 -32 2550 1479.450594
39.448712 -34 2550 1275.339426
39.485954 -35 277 1091.155824
39.518720 -38 255 857.641655
39.556509 -39 249 653.054548
39.598737 -40 237 422.895606
39.630156 -41 213 240.201088
39.663562 -43 195 11.833588
39.697414 -44 195 -194.876243
39.728271 -45 195 -389.651063
39.765752 -46 265 -624.299147
39.801945 -46 273 -824.081057
39.842528 -45 271 -1015.664919
39.879724 -43 281 -1152.060898
39.918601 -41 197 -1288.000978
39.960387 -39 259 -1428.573379
39.998224 -36 265 -1508.840064
40.032335 -34 265 -1592.104164
40.069947 -32 267 -1681.051481
40.109735 -30 326 -1769.062529
40.146479 -28 326 -1836.929039
40.190314 -25 326 -1886.326196
40.227654 -21 326 -1869.384941
40.267674 -19 326 -1905.431340
40.300511 -16 326 -1884.390615
40.342379 -14 326 -1899.752340
40.386691 -10 1775 -1843.561501
40.510648 -4 1773 -1767.685486
40.548009 -4 1773 -1785.618665
40.589939 -4 1770 -1805.745146
40.626610 -4 1770 -1823.347406
40.666245 -3 1770 -1809.993773
40.702362 -3 1770 -1822.995983
40.750552 -3 1770 -1840.344428
40.785218 -2 1770 -1820.744328
40.825504 -2 1770 -1830.412968
40.857864 -3 1770 -1870.120906
40.888657 -3 1770 -1881.206371
40.930457 -2 1770 -1863.746396
40.966233 -3 1770 -1904.479058
41.005711 -2 1770 -1886.322508
41.036620 -2 1770 -1893.740698
41.072288 -2 1770 -1902.301118
41.110274 -2 1724 -1911.417648
41.160108 -2 1718 -1923.377828
41.200392 -2 1710 -1933.045858
41.241708 -2 1710 -1942.961828
41.285703 -1 1708 -1920.880966
41.318460 2 1709 -1828.915586
41.361978 4 1709 -1753.249016
41.395564 7 1709 -1641.082091
41.426526 10 462 -1519.500851
41.471643 13 454 -1367.239333
41.506752 16 475 -1216.150616
41.546648 18 475 -1074.762862
41.589613 22 496 -851.644860
41.622211 25 496 -669.720381
41.656746 28 496 -469.897227
41.690656 30 326 -291.890427
41.727956 33 469 -60.899262
41.770587 35 469 173.036071
41.815581 36 326 394.712283
41.850405 37 326 577.240855
41.886174 37 326 736.053923
41.928111 36 326 889.737068
41.968103 35 326 1030.103878
42.002415 33 326 1110.098707
42.039992 30 326 1162.137246
42.078511 28 326 1236.183947
42.116006 26 326 1297.669503
42.152063 23 326 1313.675366
42.190700 21 326 1355.678696
42.229389 20 481 1420.853021
42.262588 17 481 1404.554801
42.301904 14 481 1387.682485
42.339399 12 481 1386.174424
42.382049 8 483 1317.354374
42.416573 6 483 1286.354534
42.456019 3 483 1217.655531
42.491921 1 483 1166.271872
42.525386 -3 1709 1042.256057
42.560608 -6 1716 933.235772
42.599678 -9 1722 808.072997
42.636273 -11 1731 704.159597
42.670688 -14 1725 562.536722
42.706714 -15 1732 469.852134
42.744695 -19 1252 272.369280
42.786279 -22 1227 80.074279
42.822175 -23 1255 -46.845032
42.866302 -23 1261 -168.635552
42.898697 -25 1261 -321.932792
42.936163 -26 1261 -466.579391
42.977971 -26 1271 -597.022170
43.018505 -24 1284 -658.624044
43.052667 -23 1267 -724.960064
43.090266 -22 1277 -796.476014
43.128401 -20 1259 -832.578313
43.173760 -17 1265 -843.274183
43.212453 -14 1761 -825.243474
43.256127 -12 1740 -833.374263
43.295549 -10 1748 -825.411413
43.330501 -7 1740 -771.062453
43.366649 -5 1736 -737.089583
43.401434 -3 1736 -693.786003
43.442106 1 1730 -578.666713
43.480513 4 1730 -477.144613
43.515988 6 500 -395.859763
43.560022 9 498 -266.229462
43.595726 10 490 -195.527093
43.628434 12 483 -92.351378
43.662415 13 504 -11.381127
43.699921 15 496 111.630423
43.736304 16 506 209.301716
43.776562 16 506 286.596677
43.812583 15 507 323.597054
43.852024 15 510 394.589355
43.887602 14 510 426.495148
43.922120 13 510 452.415523
43.965905 11 510 455.464843
43.998068 10 510 465.990327
44.031936 9 510 474.600654
44.070517 9 510 516.267235
44.108119 7 510 492.365515
44.150336 6 510 495.294937
44.186295 4 510 456.870037
44.220686 3 510 441.314485
44.252621 1 510 388.978775
44.290499 0 510 361.251467
44.327140 -2 510 296.854592
44.362243 -4 510 224.217377
44.399726 -4 1783 206.225517
44.437750 -6 1786 123.411342
44.478349 -7 1791 61.743992
44.510227 -7 1787 34.966472
44.546746 -8 1787 -27.901153
44.590258 -8 1778 -69.672673
44.598261 -8 1778 -77.355073
44.609600 -8 1777 -88.240713
44.730603 -8 1775 -204.403393
44.850586 -8 1771 -319.587433
44.970673 -8 1771 -434.871112
45.095486 -8 1767 -554.691232
45.219664 -8 1771 -673.901713
45.338434 -8 1766 -787.921593
45.458523 -8 1764 -903.206713
45.582686 -8 1764 -1022.402913
45.708575 -8 1764 -1143.256753
45.836699 -8 1766 -1266.255993
45.962439 -8 1762 -1386.965872
46.088024 -8 1763 -1507.527673
46.208643 -8 1763 -1623.321592
46.325964 -8 1763 -1735.950393
call to Robot/Rotate
