call to Robot/MoveCC
0.052062 0 31 0.000000
0.084572 0 31 0.000000
0.132313 -1 36 -34.774088
0.171202 -1 38 -42.551871
0.220457 -1 40 -52.402904
0.273898 -1 51 -63.091079
0.329133 -1 57 -74.138096
0.379254 0 57 -49.150125
0.415286 -1 59 -82.753400
0.462776 0 63 -57.502354
0.504987 0 72 -57.502354
0.546332 0 67 -57.502354
0.599132 1 74 -22.222367
0.639021 1 84 -14.244617
0.677244 1 86 -6.599967
0.718924 1 91 1.735883
0.750017 1 95 7.954633
0.791167 1 99 16.184608
0.841236 2 103 61.205371
0.883120 2 112 77.958738
0.929957 1 118 62.009788
0.964618 1 120 68.942088
1.000486 1 121 76.115579
1.042501 1 128 84.518571
1.074937 1 130 91.005863
1.116095 1 135 99.237488
1.161980 0 139 73.825950
1.194807 0 139 73.825950
1.242406 0 143 73.825950
1.289289 0 147 73.825950
1.329125 -1 154 39.842358
1.359196 -1 156 33.828192
1.394596 -1 157 26.748083
1.438183 -1 164 18.030750
1.472476 -1 173 11.172125
1.514681 -1 173 2.731125
1.562371 -2 174 -41.575850
1.605276 -2 174 -58.737866
1.645055 -2 181 -74.649600
1.685003 -2 185 -90.628766
1.728472 -1 189 -73.669279
1.772393 -1 189 -82.453571
1.819241 -1 197 -91.823054
1.856472 0 198 -65.546171
1.901904 0 206 -65.546171
1.944540 0 220 -65.546171
1.984249 0 221 -65.546171
2.039231 1 235 -30.048033
2.074992 1 235 -22.895792
2.121290 1 236 -13.636083
2.158849 1 241 -6.124367
2.202502 1 243 2.606258
2.242047 1 247 10.515250
2.289255 1 251 19.956725
2.325278 1 255 27.161367
2.373199 1 259 36.745600
2.411291 1 265 44.364008
2.454559 1 267 53.017650
2.500459 1 273 62.197700
2.541138 1 273 70.333392
2.583290 1 278 78.763725
2.624500 1 282 87.005783
2.661273 1 280 94.360383
2.698713 0 281 68.104446
2.732677 0 285 68.104446
2.773158 0 290 68.104446
2.811222 0 294 68.104446
2.852342 -1 298 33.992442
2.901934 0 302 59.033242
2.935625 -1 297 25.664100
2.981074 -1 304 16.574317
3.019281 -1 322 8.933025
3.056042 -1 322 1.580750
3.096120 -1 321 -6.434883
3.130926 -1 326 -13.395966
3.170767 -1 328 -21.364308
3.213288 -1 333 -29.868408
3.261164 -1 336 -39.443700
3.304040 -1 340 -48.018841
3.342984 0 347 -21.913229
3.375986 -1 349 -55.213454
3.414887 0 353 -29.103516
3.462587 0 357 -29.103516
3.504381 0 366 -29.103516
3.549678 0 370 -29.103516
3.583975 0 374 -29.103516
3.624493 0 376 -29.103516
3.665721 0 384 -29.103516
3.704694 0 391 -29.103516
3.741163 0 393 -29.103516
3.784916 0 397 -29.103516
3.824984 0 404 -29.103516
3.864874 0 412 -29.103516
3.905000 0 411 -29.103516
3.954500 1 411 5.846534
3.991966 1 418 13.339734
4.030844 1 420 21.115292
4.072282 1 425 29.402775
4.111147 1 429 37.175842
4.152963 1 428 45.539000
4.194971 1 437 53.940667
4.231151 1 437 61.176734
4.270173 0 439 35.078904
4.310399 0 446 35.078904
4.350837 0 447 35.078904
4.384972 0 452 35.078904
4.422789 0 456 35.078904
4.455165 0 455 35.078904
4.496267 0 462 35.078904
4.548917 0 469 35.078904
4.592685 0 471 35.078904
4.625843 0 475 35.078904
4.665116 -1 479 1.151588
4.700232 0 481 27.639921
4.735187 -1 488 -5.855587
4.784680 -1 492 -15.754137
4.822628 -1 491 -23.343687
4.856334 -1 498 -30.084996
4.901068 -1 504 -39.031621
4.944564 -1 509 -47.730879
4.990042 -1 511 -56.826454
5.030413 -1 511 -64.900688
5.071084 0 515 -38.967837
5.111825 0 518 -38.967837
5.150254 0 527 -38.967837
5.190865 0 525 -38.967837
5.242425 1 536 -3.811850
5.281203 1 535 3.943725
5.322848 1 544 12.272725
5.361231 1 546 19.949450
5.399020 1 551 27.507208
5.433141 1 555 34.331317
5.475142 1 561 42.731558
5.509079 1 560 49.519050
5.550834 1 567 57.869975
5.589890 1 569 65.681200
5.624503 0 574 39.142521
5.655191 0 580 39.142521
5.692652 0 578 39.142521
5.735976 0 581 39.142521
5.776241 0 588 39.142521
5.814347 0 590 39.142521
5.850847 0 595 39.142521
5.890774 0 603 39.142521
5.930493 -1 605 5.170629
5.969136 -1 607 -2.557879
6.002949 -1 609 -9.320471
6.050251 -1 614 -18.780812
6.085967 -1 622 -25.924004
6.125045 -1 626 -33.739771
6.165093 0 630 -7.744571
6.209120 0 635 -7.744571
6.243223 0 639 -7.744571
6.290917 0 643 -7.744571
6.332605 0 651 -7.744571
6.371256 0 654 -7.744571
6.411136 0 653 -7.744571
6.450671 0 661 -7.744571
6.490522 0 672 -7.744571
6.530865 0 677 -7.744571
6.580392 0 680 -7.744571
6.613097 0 679 -7.744571
6.655055 0 693 -7.744571
6.690747 0 697 -7.744571
6.736506 0 702 -7.744571
6.774948 0 698 -7.744571
6.825899 0 713 -7.744571
6.861128 1 729 25.778338
6.904939 0 728 0.159396
6.946334 0 721 0.159396
6.989092 0 721 0.159396
7.023175 0 721 0.159396
7.065165 0 721 0.159396
7.106326 0 721 0.159396
7.144473 0 721 0.159396
7.182084 1 721 33.920496
7.213239 0 721 7.036012
7.261030 1 721 41.815083
7.300213 1 721 49.651692
7.341105 1 721 57.830083
7.378949 1 721 65.398933
7.413939 0 721 38.897896
7.452402 1 721 72.744154
7.485214 0 721 46.025429
7.530481 0 721 46.025429
7.575286 0 721 46.025429
7.616475 0 721 46.025429
7.660348 0 721 46.025429
7.693204 0 721 46.025429
7.740940 -1 721 11.251821
7.783231 -1 765 2.793512
7.823191 -1 773 -5.198463
7.865864 -1 779 -13.732971
7.900669 -1 778 -20.694029
7.941216 -1 788 -28.803488
7.974908 -1 808 -35.541729
8.013228 -1 810 -43.205888
8.056412 -1 823 -51.842713
8.101041 -1 818 -60.768471
8.144186 -1 822 -69.397413
8.181142 -1 833 -76.788679
8.223291 0 839 -51.003533
8.270947 0 843 -51.003533
8.310898 0 853 -51.003533
8.358733 1 855 -16.219983
8.391217 1 857 -9.723250
8.440742 1 842 0.181825
8.480153 1 848 8.063975
8.532138 1 869 18.460958
8.572311 1 877 26.495592
8.614239 1 885 34.881192
8.659125 1 853 43.858350
8.694538 1 845 50.940992
8.730825 1 848 58.198375
8.769812 0 849 32.097063
8.809130 0 861 32.097063
8.843161 0 855 32.097063
8.879265 0 857 32.097063
8.913260 0 857 32.097063
8.954015 0 855 32.097063
8.990121 0 863 32.097063
9.024813 0 865 32.097063
9.060199 0 873 32.097063
9.101059 0 871 32.097063
9.134912 0 883 32.097063
9.174649 0 891 32.097063
9.210859 0 886 32.097063
9.245181 -1 901 -1.335104
9.285184 -1 899 -9.335762
9.324706 -1 913 -17.240071
9.365120 -1 915 -25.322904
9.409866 0 956 0.202529
9.446133 0 962 0.202529
9.484995 0 931 0.202529
9.515290 0 929 0.202529
9.558797 0 929 0.202529
9.600748 0 954 0.202529
9.643995 0 954 0.202529
9.680618 0 954 0.202529
9.729043 0 952 0.202529
9.761237 0 952 0.202529
9.800871 0 952 0.202529
9.840955 0 952 0.202529
9.880814 0 952 0.202529
9.920914 0 1008 0.202529
10.044791 0 1012 0.202529
10.079188 0 1012 0.202529
10.130349 0 1012 0.202529
10.163861 0 1012 0.202529
10.195169 0 1012 0.202529
10.223273 0 1012 0.202529
10.259013 0 1012 0.202529
10.303161 0 1012 0.202529
10.341185 0 1012 0.202529
10.380046 0 1012 0.202529
10.425255 0 1012 0.202529
10.461289 0 937 0.202529
10.502658 0 931 0.202529
10.544721 0 925 0.202529
10.581208 0 925 0.202529
10.614314 0 924 0.202529
10.654657 -1 933 -33.831812
10.700679 -1 933 -43.036204
10.731098 0 933 -16.078146
10.766292 -1 933 -49.597512
10.804224 0 933 -23.390742
10.835093 0 933 -23.390742
10.865204 -1 933 -56.401767
10.910503 0 933 -30.931725
10.944214 0 933 -30.931725
10.985251 0 933 -30.931725
11.021258 0 933 -30.931725
11.060784 0 933 -30.931725
11.104809 0 933 -30.931725
11.150231 0 933 -30.931725
11.189948 0 933 -30.931725
11.226388 0 933 -30.931725
11.265104 1 933 2.939896
11.310054 1 1016 11.929863
11.352683 1 1014 20.455688
11.398035 1 1028 29.525996
11.434926 2 758 70.593458
11.480170 2 1020 88.690809
11.525037 2 1001 106.637775
11.653754 2 1045 158.124575
11.694748 2 1046 174.522075
11.733279 2 1050 189.934492
11.780405 2 1045 208.784958
11.824608 2 1036 226.466192
11.865239 2 1042 242.718408
11.914111 2 1029 262.267442
11.944955 2 1028 274.604842
11.980901 2 1024 288.983525
12.024753 2 1020 306.524208
12.068897 2 1008 324.181858
12.194320 2 986 374.350909
12.223276 2 986 385.933375
12.269037 2 994 404.237792
call to Robot/Rotate
