call to Robot/MoveCC
0.044870 0 38 0.000000
0.090094 0 38 0.000000
0.134779 0 36 0.000000
0.180666 0 40 0.000000
0.234536 0 51 0.000000
0.285963 0 55 0.000000
0.332216 0 59 0.000000
0.394840 0 65 0.000000
0.441934 0 72 0.000000
0.488408 0 78 0.000000
0.520618 0 82 0.000000
0.574576 0 86 0.000000
0.610811 0 91 0.000000
0.654105 0 95 0.000000
0.699661 0 99 0.000000
0.744599 0 103 0.000000
0.788773 0 107 0.000000
0.835365 0 118 0.000000
0.872412 0 120 0.000000
0.920462 1 128 32.402521
0.964371 0 137 4.597981
1.004695 1 139 36.614146
1.040832 0 147 8.421008
1.073765 0 154 8.421008
1.102623 0 149 8.421008
1.134144 0 147 8.421008
1.185709 0 145 8.421008
1.224373 0 147 8.421008
1.260673 0 158 8.421008
1.302594 0 162 8.421008
1.344618 0 166 8.421008
1.383741 0 166 8.421008
1.419259 0 174 8.421008
1.462549 0 185 8.421008
1.510475 0 184 8.421008
1.556115 0 184 8.421008
1.599959 0 184 8.421008
1.634622 0 199 8.421008
1.680401 0 213 8.421008
1.720290 0 221 8.421008
1.760343 0 225 8.421008
1.803863 1 225 40.597008
1.833562 0 233 12.081946
1.878702 1 229 44.338942
1.918493 0 227 16.328510
1.960696 0 229 16.328510
2.000024 0 228 16.328510
2.040473 0 235 16.328510
2.080187 0 239 16.328510
2.131318 0 243 16.328510
2.176796 0 247 16.328510
2.214581 0 251 16.328510
2.252549 0 257 16.328510
2.294488 0 259 16.328510
2.340796 0 267 16.328510
2.374324 0 267 16.328510
2.418786 0 279 16.328510
2.456076 0 282 16.328510
2.490625 0 283 16.328510
2.531486 0 288 16.328510
2.564281 0 294 16.328510
2.602565 0 294 16.328510
2.640505 0 296 16.328510
2.685292 0 302 16.328510
2.724210 0 303 16.328510
2.752800 0 308 16.328510
2.800863 0 322 16.328510
2.840278 0 321 16.328510
2.880518 0 326 16.328510
2.920343 0 326 16.328510
2.963767 0 330 16.328510
2.994420 0 334 16.328510
3.034466 0 336 16.328510
3.070619 0 340 16.328510
3.100794 0 345 16.328510
3.143410 0 347 16.328510
3.185738 -1 353 -15.787862
3.224550 -1 362 -19.669121
3.269964 -1 366 -24.210462
3.304846 -1 365 -27.698662
3.342094 -1 372 -31.423479
3.384710 0 384 -3.554312
3.425563 0 385 -3.554312
3.464463 0 393 -3.554312
3.505936 0 401 -3.554312
3.545739 0 404 -3.554312
3.591670 0 411 -3.554312
3.630705 0 411 -3.554312
3.678613 0 420 -3.554312
3.714478 0 425 -3.554312
3.760402 0 428 -3.554312
3.801701 0 428 -3.554312
3.842630 0 429 -3.554312
3.892672 0 439 -3.554312
3.932840 0 439 -3.554312
3.984390 0 443 -3.554312
4.019983 0 443 -3.554312
4.059459 0 447 -3.554312
4.099518 0 454 -3.554312
4.130789 0 456 -3.554312
4.170419 0 460 -3.554312
4.204759 0 455 -3.554312
4.249512 0 464 -3.554312
4.290512 0 469 -3.554312
4.334117 0 473 -3.554312
4.370649 1 475 28.272275
4.411627 1 474 32.370104
4.454308 1 483 36.638188
4.490641 1 488 40.271508
4.528575 1 491 44.064867
4.570269 0 500 16.149571
4.609826 1 500 48.127448
4.650354 0 504 20.153858
4.689797 0 506 20.153858
4.732800 0 511 20.153858
4.768544 0 517 20.153858
4.804516 0 519 20.153858
4.849591 0 523 20.153858
4.885799 0 532 20.153858
4.921893 0 527 20.153858
4.954365 0 532 20.153858
4.993309 0 535 20.153858
5.030812 0 542 20.153858
5.082413 0 544 20.153858
5.124613 0 546 20.153858
5.164236 0 555 20.153858
5.209954 -1 559 -12.132019
5.252420 -1 563 -16.378631
5.284589 -1 561 -19.595560
5.330527 -1 572 -24.189340
5.370466 -1 573 -28.183285
5.415665 -1 578 -32.703106
5.451908 0 586 -4.515300
5.505544 0 593 -4.515300
5.554778 0 590 -4.515300
5.594307 0 603 -4.515300
5.634040 0 607 -4.515300
5.676869 0 605 -4.515300
5.720179 0 616 -4.515300
5.754753 0 617 -4.515300
5.794504 0 622 -4.515300
5.832768 0 626 -4.515300
5.875455 0 634 -4.515300
5.920735 0 634 -4.515300
5.954719 1 639 27.183946
6.004172 0 645 -0.343410
6.038497 1 644 31.372840
6.081879 1 651 35.711052
6.130419 1 658 40.564960
6.165828 1 660 44.105860
6.213919 0 661 16.510452
6.249629 0 672 16.510452
6.284630 0 677 16.510452
6.329506 0 685 16.510452
6.360350 0 680 16.510452
6.400781 0 696 16.510452
6.446099 0 697 16.510452
6.484674 0 696 16.510452
6.528581 0 704 16.510452
6.564183 0 705 16.510452
6.604544 0 713 16.510452
6.648535 0 718 16.510452
6.696087 0 721 16.510452
6.735629 0 736 16.510452
6.774453 0 748 16.510452
6.810691 0 744 16.510452
6.852152 0 744 16.510452
6.890683 0 744 16.510452
6.930777 -1 744 -15.494287
6.970024 0 744 12.543367
7.012859 -1 744 -19.598392
7.056857 0 744 8.201727
7.101840 -1 744 -24.047425
7.136067 0 758 4.241252
7.183861 0 762 4.241252
7.220734 0 774 4.241252
7.258804 0 766 4.241252
7.292725 0 786 4.241252
7.334401 0 788 4.241252
7.371943 0 796 4.241252
7.404727 0 780 4.241252
7.443778 0 804 4.241252
7.484538 0 810 4.241252
7.520722 0 812 4.241252
7.564197 0 818 4.241252
7.598824 0 823 4.241252
7.644744 0 833 4.241252
7.681781 0 831 4.241252
7.723461 0 834 4.241252
7.756703 0 839 4.241252
7.798864 0 842 4.241252
7.840725 0 849 4.241252
7.884103 0 853 4.241252
7.922561 0 857 4.241252
7.964351 0 861 4.241252
8.003588 0 865 4.241252
8.044754 0 869 4.241252
8.080607 0 873 4.241252
8.129555 0 879 4.241252
8.164263 0 877 4.241252
8.205774 0 887 4.241252
8.244050 0 886 4.241252
8.284382 0 891 4.241252
8.320312 0 893 4.241252
8.361481 0 903 4.241252
8.404135 0 905 4.241252
8.448647 0 907 4.241252
8.492140 -1 912 -27.933419
8.533596 -1 915 -32.078965
8.564818 -1 917 -35.201181
8.614245 0 923 -7.672560
8.659294 0 933 -7.672560
8.702685 0 933 -7.672560
8.741768 0 933 -7.672560
8.782771 0 939 -7.672560
8.820735 0 945 -7.672560
8.870780 0 947 -7.672560
8.910696 0 956 -7.672560
8.952219 0 955 -7.672560
8.992623 0 964 -7.672560
9.030364 0 963 -7.672560
9.064759 0 968 -7.672560
9.118592 0 976 -7.672560
9.154327 0 977 -7.672560
9.191951 0 982 -7.672560
9.240300 1 985 24.744875
9.284807 1 990 29.195521
9.323930 1 992 33.107846
call to Robot/Rotate
